m1_00_142-82-5S0_C

E(wB97M-V/def2-TZVPP) = -276.32063842185
E(wB97M-V/def2-QZVPP) = -276.336485649412
E(wB97M-V/CBS) = -276.3456320901275


