m1_00_75-09-2S0_CH

E(wB97M-V/def2-TZVPP) = -959.679535175666
E(wB97M-V/def2-QZVPP) = -959.708050833147
E(wB97M-V/CBS) = -959.7245090287267


