m1_00_56-23-5S0_

E(wB97M-V/def2-TZVPP) = -1878.854530992039
E(wB97M-V/def2-QZVPP) = -1878.907635067365
E(wB97M-V/CBS) = -1878.938284799302


