m1_00_79-00-5S0_C2H

E(wB97M-V/def2-TZVPP) = -1458.585520922714
E(wB97M-V/def2-QZVPP) = -1458.628627750062
E(wB97M-V/CBS) = -1458.6535074357498


