m1_00_76-01-7S0_C2

E(wB97M-V/def2-TZVPP) = -2377.762819520744
E(wB97M-V/def2-QZVPP) = -2377.830614407766
E(wB97M-V/CBS) = -2377.869743139435


