m1_00_79-34-5S0_C2H

E(wB97M-V/def2-TZVPP) = -1918.176270404258
E(wB97M-V/def2-QZVPP) = -1918.23174280859
E(wB97M-V/CBS) = -1918.2637594534945


