m1_00_74-82-8S0

E(wB97M-V/def2-TZVPP) = -40.492931966869
E(wB97M-V/def2-QZVPP) = -40.495783379337
E(wB97M-V/CBS) = -40.4974291104273


