m1_00_111-65-9S0_C

E(wB97M-V/def2-TZVPP) = -315.625826601743
E(wB97M-V/def2-QZVPP) = -315.643836563861
E(wB97M-V/CBS) = -315.6542312559392


