m1_00_74-87-3S0_C

E(wB97M-V/def2-TZVPP) = -500.086064393321
E(wB97M-V/def2-QZVPP) = -500.101965760945
E(wB97M-V/CBS) = -500.1111434493261


