m1_00_630-20-6S0_C2H

E(wB97M-V/def2-TZVPP) = -1918.174068036656
E(wB97M-V/def2-QZVPP) = -1918.229506321821
E(wB97M-V/CBS) = -1918.2615032743884


