m1_00_67-72-1S0_C

E(wB97M-V/def2-TZVPP) = -2837.347000895862
E(wB97M-V/def2-QZVPP) = -2837.427117064039
E(wB97M-V/CBS) = -2837.473357188989


