m1_00_109-66-0S0_C

E(wB97M-V/def2-TZVPP) = -197.710266746389
E(wB97M-V/def2-QZVPP) = -197.721787397822
E(wB97M-V/CBS) = -197.72843669688228


