m1_00_71-55-6S0_C2H

E(wB97M-V/def2-TZVPP) = -1458.582357411776
E(wB97M-V/def2-QZVPP) = -1458.625269169337
E(wB97M-V/CBS) = -1458.6500362678712


