m1_00_75-34-3S0_C2H

E(wB97M-V/def2-TZVPP) = -998.991401289167
E(wB97M-V/def2-QZVPP) = -999.021935866632
E(wB97M-V/CBS) = -999.0395593090584


