m1_00_67-66-3S0_C

E(wB97M-V/def2-TZVPP) = -1419.269996242405
E(wB97M-V/def2-QZVPP) = -1419.310874786801
E(wB97M-V/CBS) = -1419.3344683889868


