m1_00_74-84-0S0_

E(wB97M-V/def2-TZVPP) = -79.794799376461
E(wB97M-V/def2-QZVPP) = -79.799822666513
E(wB97M-V/CBS) = -79.80272192598773


