m1_00_75-00-3S0_C2

E(wB97M-V/def2-TZVPP) = -539.394584247334
E(wB97M-V/def2-QZVPP) = -539.412567369488
E(wB97M-V/CBS) = -539.4229465705197


