m1_00_110-54-3S0_C

E(wB97M-V/def2-TZVPP) = -237.015449156199
E(wB97M-V/def2-QZVPP) = -237.029133785688
E(wB97M-V/CBS) = -237.03703205381373


