m1_00_74-98-6S0_

E(wB97M-V/def2-TZVPP) = -119.099918963033
E(wB97M-V/def2-QZVPP) = -119.107108661132
E(wB97M-V/CBS) = -119.11125829217424


