m1_00_106-97-8S0_C

E(wB97M-V/def2-TZVPP) = -158.405112897709
E(wB97M-V/def2-QZVPP) = -158.414469408175
E(wB97M-V/CBS) = -158.41986964414346


