m1_00_C12H23Cl3

E(wB97M-V/def2-TZVPP) = -1851.663296234282
E(wB97M-V/def2-QZVPP) = -1851.727030823247
E(wB97M-V/CBS) = -1851.763816099234


