m1_00_C12H17Cl9

E(wB97M-V/def2-TZVPP) = -4609.264135923751
E(wB97M-V/def2-QZVPP) = -4609.402604884289
E(wB97M-V/CBS) = -4609.482524108868


