m1_00_C12H16Cl10

E(wB97M-V/def2-TZVPP) = -5068.858103130261
E(wB97M-V/def2-QZVPP) = -5069.0083864153
E(wB97M-V/CBS) = -5069.095124436305


