m1_00_C12H21Cl5

E(wB97M-V/def2-TZVPP) = -2770.866887400052
E(wB97M-V/def2-QZVPP) = -2770.95523848434
E(wB97M-V/CBS) = -2771.0062315019786


