m1_00_C12H19Cl7

E(wB97M-V/def2-TZVPP) = -3690.069815868315
E(wB97M-V/def2-QZVPP) = -3690.183729431738
E(wB97M-V/CBS) = -3690.2494761783196


