m1_00_C12H22Cl4

E(wB97M-V/def2-TZVPP) = -2311.265863794609
E(wB97M-V/def2-QZVPP) = -2311.341860842264
E(wB97M-V/CBS) = -2311.3857235613555


