m1_00_C12H20Cl6

E(wB97M-V/def2-TZVPP) = -3230.464672515828
E(wB97M-V/def2-QZVPP) = -3230.565793260801
E(wB97M-V/CBS) = -3230.6241564600027


