m1_00_C12H18Cl8

E(wB97M-V/def2-TZVPP) = -4149.667063477044
E(wB97M-V/def2-QZVPP) = -4149.793332362246
E(wB97M-V/CBS) = -4149.866210149113


