m1_00_C10H15Cl7

E(wB97M-V/def2-TZVPP) = -3611.44838458058
E(wB97M-V/def2-QZVPP) = -3611.557609544066
E(wB97M-V/CBS) = -3611.6206502020787


