m1_00_C10H14Cl8

E(wB97M-V/def2-TZVPP) = -4071.04923914878
E(wB97M-V/def2-QZVPP) = -4071.170913834675
E(wB97M-V/CBS) = -4071.241140017567


