m1_00_C10H16Cl6

E(wB97M-V/def2-TZVPP) = -3151.851365195327
E(wB97M-V/def2-QZVPP) = -3151.948361630655
E(wB97M-V/CBS) = -3152.0043444290254


