m1_00_C10H19Cl3

E(wB97M-V/def2-TZVPP) = -1773.052829737173
E(wB97M-V/def2-QZVPP) = -1773.112752497985
E(wB97M-V/CBS) = -1773.14733772604


