m1_00_C10H17Cl5

E(wB97M-V/def2-TZVPP) = -2692.257577126607
E(wB97M-V/def2-QZVPP) = -2692.342600066133
E(wB97M-V/CBS) = -2692.3916722002195


