m1_00_C10H18Cl4

E(wB97M-V/def2-TZVPP) = -2232.656693824644
E(wB97M-V/def2-QZVPP) = -2232.729427289263
E(wB97M-V/CBS) = -2232.7714063874723


