m1_00_C13H21Cl7

E(wB97M-V/def2-TZVPP) = -3729.376007369115
E(wB97M-V/def2-QZVPP) = -3729.491896290933
E(wB97M-V/CBS) = -3729.558783142203


