m1_00_C13H19Cl9

E(wB97M-V/def2-TZVPP) = -4648.567952929173
E(wB97M-V/def2-QZVPP) = -4648.708362245728
E(wB97M-V/CBS) = -4648.789401372902


