m1_00_C13H24Cl4

E(wB97M-V/def2-TZVPP) = -2350.574909232813
E(wB97M-V/def2-QZVPP) = -2350.653160063318
E(wB97M-V/CBS) = -2350.6983235835205


