m1_00_C13H23Cl5

E(wB97M-V/def2-TZVPP) = -2810.176268843921
E(wB97M-V/def2-QZVPP) = -2810.267088225038
E(wB97M-V/CBS) = -2810.319505853419


