m1_00_C13H22Cl6

E(wB97M-V/def2-TZVPP) = -3269.776076746267
E(wB97M-V/def2-QZVPP) = -3269.879260737349
E(wB97M-V/CBS) = -3269.938814766817


