m1_00_C13H25Cl3

E(wB97M-V/def2-TZVPP) = -1890.96874380279
E(wB97M-V/def2-QZVPP) = -1891.034543638507
E(wB97M-V/CBS) = -1891.0725208994581


