m1_00_C13H18Cl10

E(wB97M-V/def2-TZVPP) = -5108.167864214951
E(wB97M-V/def2-QZVPP) = -5108.320754987587
E(wB97M-V/CBS) = -5108.408997955159


