m1_00_C13H20Cl8

E(wB97M-V/def2-TZVPP) = -4188.971154821333
E(wB97M-V/def2-QZVPP) = -4189.099269487544
E(wB97M-V/CBS) = -4189.173212591768


