m1_00_C13H17Cl11

E(wB97M-V/def2-TZVPP) = -5567.762848408465
E(wB97M-V/def2-QZVPP) = -5567.927962806746
E(wB97M-V/CBS) = -5568.023260804408


