m1_00_C11H17Cl7

E(wB97M-V/def2-TZVPP) = -3650.76065924391
E(wB97M-V/def2-QZVPP) = -3650.872274670737
E(wB97M-V/CBS) = -3650.9366950168464


