m1_00_C11H20Cl4_1

E(wB97M-V/def2-TZVPP) = -2271.961310286257
E(wB97M-V/def2-QZVPP) = -2272.035927484996
E(wB97M-V/CBS) = -2272.078993805711


