m1_00_C11H15Cl9

E(wB97M-V/def2-TZVPP) = -4569.955346326227
E(wB97M-V/def2-QZVPP) = -4570.091518649476
E(wB97M-V/CBS) = -4570.1701123389275


