m1_00_C11H21Cl3_1

E(wB97M-V/def2-TZVPP) = -1812.35667626081
E(wB97M-V/def2-QZVPP) = -1812.418343949877
E(wB97M-V/CBS) = -1812.453936286764


