m1_00_C11H16Cl8

E(wB97M-V/def2-TZVPP) = -4110.35825170079
E(wB97M-V/def2-QZVPP) = -4110.482234325094
E(wB97M-V/CBS) = -4110.553792565708


