m1_00_C11H21Cl3

E(wB97M-V/def2-TZVPP) = -1812.357576352245
E(wB97M-V/def2-QZVPP) = -1812.419451518289
E(wB97M-V/CBS) = -1812.4551636033061


