m1_00_C11H18Cl6

E(wB97M-V/def2-TZVPP) = -3191.16331874632
E(wB97M-V/def2-QZVPP) = -3191.262692770458
E(wB97M-V/CBS) = -3191.320047826217


