m1_00_C11H19Cl5

E(wB97M-V/def2-TZVPP) = -2731.565475504856
E(wB97M-V/def2-QZVPP) = -2731.65277206964
E(wB97M-V/CBS) = -2731.703156457151


