m1_00_C11H20Cl4

E(wB97M-V/def2-TZVPP) = -2271.960168447901
E(wB97M-V/def2-QZVPP) = -2272.03436146738
E(wB97M-V/CBS) = -2272.077182967325


